1103503636434264169
923535347676217355
1103224302876229644
1102940599444836473
1000762427312447550
1090626437003870279
1103575250056257566
862474064684515379
1096622512676290570
1089211287935914025
1015695286070419559
815420124122447952
1100610899087200367
728725792015515759
1094313527604424734
1094336758000398540
1101442293493403688
1039443848360894514
857559154659164161
1097662514470326423
1056041957379555349
1093118931478253650
1085311035923234856
1091396848176083074
956954570033098773
1057779931762917477
1091758271620194344
1041189848406577243
1073705594063687740
1000908820102512640
1089713540220321862
1030042008313679873
1063550035670859776
1018458618833674270
1077319009361461378
974709627071635466
1076342809453395968
962772328884895765
724967353963511820
695913647393734737
1071616412197593129
961348861660631060
864937045754380318
987043793670905868
1008688081764892702
976496483174068284
1069344992990072882
964237880446836877
781584356803608586
881253934923137044
1064454420617773187
951939388798021682
1055564311105380382
951689033711509564
995791304455888967
644602687215632394
1041506047581495389
956567474839634001
1036343092602753035
949226585863635004
1046856040718794805
945605831628566549
1041889816293429278
838173665001996329
1042578746739282020
912646298392477736
693062197252849676
944643850100674671
1103503636434264169
923535347676217355
1103224302876229644
1102940599444836473
1000762427312447550
1090626437003870279
1103575250056257566
862474064684515379
1096622512676290570
1089211287935914025
1015695286070419559
815420124122447952
1100610899087200367
728725792015515759
1094313527604424734
1094336758000398540
1101442293493403688
1039443848360894514
857559154659164161
1097662514470326423
1056041957379555349
1093118931478253650
1085311035923234856
1091396848176083074
956954570033098773
1057779931762917477
1091758271620194344
1073705594063687740
1089713540220321862
1063550035670859776
1077319009361461378
1076342809453395968
724967353963511820
1071616412197593129
1041189848406577243
1000908820102512640
1008688081764892702
1069344992990072882
1016819120815226941
1018458618833674270
781584356803608586
974709627071635466
1064454420617773187
962772328884895765
1055564311105380382
695913647393734737
995791304455888967
961348861660631060
1041506047581495389
987043793670905868
1036343092602753035
976496483174068284
1046856040718794805
964237880446836877
1041889816293429278
881253934923137044
1042578746739282020
951939388798021682
951689033711509564
644602687215632394
956567474839634001
949226585863635004
945605831628566549
838173665001996329
912646298392477736
693062197252849676
944643850100674671
1103503636434264169
923535347676217355
1103224302876229644
1102940599444836473
1000762427312447550
1090626437003870279
1103575250056257566
862474064684515379
1096622512676290570
1089211287935914025
1015695286070419559
815420124122447952
1100610899087200367
728725792015515759
1094313527604424734
1094336758000398540
1101442293493403688
1039443848360894514
857559154659164161
1097662514470326423
1056041957379555349
1093118931478253650
1085311035923234856
1091396848176083074
956954570033098773
1057779931762917477
1091758271620194344
1073705594063687740
1089713540220321862
1063550035670859776
1077319009361461378
1076342809453395968
724967353963511820
1071616412197593129
864937045754380318
1008688081764892702
1069344992990072882
781584356803608586
1064454420617773187
1055564311105380382
995791304455888967
1041506047581495389
1036343092602753035
1046856040718794805
1041889816293429278
1042578746739282020
1041189848406577243
1000908820102512640
1030042008313679873
1016819120815226941
1018458618833674270
974709627071635466
962772328884895765
695913647393734737
961348861660631060
987043793670905868
976496483174068284
964237880446836877
881253934923137044
951939388798021682
951689033711509564
644602687215632394
956567474839634001
949226585863635004
945605831628566549
838173665001996329
912646298392477736
693062197252849676
944643850100674671
1091396848176083074
956954570033098773
1057779931762917477
1091758271620194344
1073705594063687740
1089713540220321862
1063550035670859776
1077319009361461378
1076342809453395968
724967353963511820
1071616412197593129
864937045754380318
1008688081764892702
1069344992990072882
781584356803608586
1064454420617773187
1055564311105380382
995791304455888967
1041506047581495389
1036343092602753035
1046856040718794805
1041889816293429278
1042578746739282020
1041189848406577243
1000908820102512640
1030042008313679873
1016819120815226941
1018458618833674270
974709627071635466
962772328884895765
695913647393734737
961348861660631060
987043793670905868
976496483174068284
964237880446836877
881253934923137044
951939388798021682
951689033711509564
644602687215632394
956567474839634001
949226585863635004
945605831628566549
838173665001996329
912646298392477736
693062197252849676
944643850100674671
1103503636434264169
923535347676217355
1103224302876229644
1102940599444836473
1000762427312447550
1090626437003870279
1103575250056257566
862474064684515379
1096622512676290570
1089211287935914025
1015695286070419559
815420124122447952
1100610899087200367
728725792015515759
1094313527604424734
1094336758000398540
1101442293493403688
1039443848360894514
857559154659164161
1097662514470326423
1056041957379555349
1093118931478253650
1085311035923234856
1103503636434264169
923535347676217355
1103224302876229644
1102940599444836473
1000762427312447550
1090626437003870279
1103575250056257566
862474064684515379
1096622512676290570
1089211287935914025
1015695286070419559
815420124122447952
1100610899087200367
728725792015515759
1094313527604424734
1094336758000398540
1101442293493403688
1039443848360894514
857559154659164161
1097662514470326423
1056041957379555349
1093118931478253650
1085311035923234856
1041189848406577243
1000908820102512640
1030042008313679873
1016819120815226941
1018458618833674270
974709627071635466
962772328884895765
695913647393734737
961348861660631060
987043793670905868
976496483174068284
964237880446836877
881253934923137044
951939388798021682
951689033711509564
644602687215632394
956567474839634001
949226585863635004
945605831628566549
838173665001996329
912646298392477736
693062197252849676
944643850100674671
1091396848176083074
956954570033098773
1057779931762917477
1091758271620194344
1073705594063687740
1089713540220321862
1063550035670859776
1077319009361461378
1076342809453395968
724967353963511820
1071616412197593129
864937045754380318
1008688081764892702
1069344992990072882
781584356803608586
1064454420617773187
1055564311105380382
995791304455888967
1041506047581495389
1036343092602753035
1046856040718794805
1041889816293429278
1042578746739282020
1103503636434264169
923535347676217355
1103224302876229644
1102940599444836473
1000762427312447550
1090626437003870279
1103575250056257566
862474064684515379
1096622512676290570
1089211287935914025
1015695286070419559
815420124122447952
1100610899087200367
728725792015515759
1094313527604424734
1094336758000398540
1101442293493403688
1039443848360894514
857559154659164161
1097662514470326423
1056041957379555349
1093118931478253650
1085311035923234856
1091396848176083074
956954570033098773
1057779931762917477
1091758271620194344
1073705594063687740
1089713540220321862
1063550035670859776
1077319009361461378
1076342809453395968
724967353963511820
1071616412197593129
864937045754380318
1008688081764892702
1069344992990072882
781584356803608586
1064454420617773187
1055564311105380382
995791304455888967
1041506047581495389
1036343092602753035
1046856040718794805
1041889816293429278
1042578746739282020
1041189848406577243
1000908820102512640
1030042008313679873
1016819120815226941
1018458618833674270
974709627071635466
962772328884895765
695913647393734737
961348861660631060
987043793670905868
976496483174068284
964237880446836877
881253934923137044
951939388798021682
951689033711509564
644602687215632394
956567474839634001
949226585863635004
945605831628566549
838173665001996329
912646298392477736
693062197252849676
944643850100674671
1091396848176083074
956954570033098773
1057779931762917477
1091758271620194344
1073705594063687740
1089713540220321862
1063550035670859776
1077319009361461378
1076342809453395968
724967353963511820
1071616412197593129
864937045754380318
1008688081764892702
1069344992990072882
781584356803608586
1064454420617773187
1055564311105380382
995791304455888967
1041506047581495389
1036343092602753035
1046856040718794805
1041889816293429278
1042578746739282020
1041189848406577243
1000908820102512640
1030042008313679873
1016819120815226941
1018458618833674270
974709627071635466
962772328884895765
695913647393734737
961348861660631060
987043793670905868
976496483174068284
964237880446836877
881253934923137044
951939388798021682
951689033711509564
644602687215632394
956567474839634001
949226585863635004
945605831628566549
838173665001996329
912646298392477736
693062197252849676
944643850100674671
1103503636434264169
923535347676217355
1103224302876229644
1102940599444836473
1000762427312447550
1090626437003870279
1103575250056257566
862474064684515379
1096622512676290570
1089211287935914025
1015695286070419559
815420124122447952
1100610899087200367
728725792015515759
1094313527604424734
1094336758000398540
1101442293493403688
1039443848360894514
857559154659164161
1097662514470326423
1056041957379555349
1093118931478253650
1085311035923234856
